6.600000000000000000e+01
1.280000000000000000e+02
6.400000000000000000e+01
1.480000000000000000e+02
6.600000000000000000e+01
1.630000000000000000e+02
6.600000000000000000e+01
1.810000000000000000e+02
7.100000000000000000e+01
1.980000000000000000e+02
7.800000000000000000e+01
2.130000000000000000e+02
8.800000000000000000e+01
2.210000000000000000e+02
1.010000000000000000e+02
2.280000000000000000e+02
1.210000000000000000e+02
2.390000000000000000e+02
1.430000000000000000e+02
2.330000000000000000e+02
1.640000000000000000e+02
2.260000000000000000e+02
1.760000000000000000e+02
2.160000000000000000e+02
1.890000000000000000e+02
2.030000000000000000e+02
1.960000000000000000e+02
1.860000000000000000e+02
1.990000000000000000e+02
1.680000000000000000e+02
2.040000000000000000e+02
1.510000000000000000e+02
2.060000000000000000e+02
1.310000000000000000e+02
7.600000000000000000e+01
1.030000000000000000e+02
8.100000000000000000e+01
9.600000000000000000e+01
9.100000000000000000e+01
9.300000000000000000e+01
1.010000000000000000e+02
9.600000000000000000e+01
1.080000000000000000e+02
9.800000000000000000e+01
1.460000000000000000e+02
9.800000000000000000e+01
1.560000000000000000e+02
9.600000000000000000e+01
1.660000000000000000e+02
9.600000000000000000e+01
1.760000000000000000e+02
9.800000000000000000e+01
1.860000000000000000e+02
1.060000000000000000e+02
1.260000000000000000e+02
1.230000000000000000e+02
1.230000000000000000e+02
1.360000000000000000e+02
1.210000000000000000e+02
1.480000000000000000e+02
1.210000000000000000e+02
1.580000000000000000e+02
1.080000000000000000e+02
1.660000000000000000e+02
1.130000000000000000e+02
1.660000000000000000e+02
1.210000000000000000e+02
1.680000000000000000e+02
1.280000000000000000e+02
1.680000000000000000e+02
1.360000000000000000e+02
1.660000000000000000e+02
8.600000000000000000e+01
1.210000000000000000e+02
9.300000000000000000e+01
1.160000000000000000e+02
1.010000000000000000e+02
1.180000000000000000e+02
1.080000000000000000e+02
1.230000000000000000e+02
1.010000000000000000e+02
1.260000000000000000e+02
9.300000000000000000e+01
1.230000000000000000e+02
1.460000000000000000e+02
1.230000000000000000e+02
1.540000000000000000e+02
1.180000000000000000e+02
1.640000000000000000e+02
1.180000000000000000e+02
1.710000000000000000e+02
1.230000000000000000e+02
1.640000000000000000e+02
1.260000000000000000e+02
1.540000000000000000e+02
1.260000000000000000e+02
9.300000000000000000e+01
1.880000000000000000e+02
1.010000000000000000e+02
1.810000000000000000e+02
1.130000000000000000e+02
1.780000000000000000e+02
1.210000000000000000e+02
1.810000000000000000e+02
1.280000000000000000e+02
1.810000000000000000e+02
1.430000000000000000e+02
1.830000000000000000e+02
1.560000000000000000e+02
1.880000000000000000e+02
1.410000000000000000e+02
2.010000000000000000e+02
1.310000000000000000e+02
2.060000000000000000e+02
1.210000000000000000e+02
2.080000000000000000e+02
1.110000000000000000e+02
2.060000000000000000e+02
1.010000000000000000e+02
2.010000000000000000e+02
9.600000000000000000e+01
1.880000000000000000e+02
1.110000000000000000e+02
1.860000000000000000e+02
1.210000000000000000e+02
1.860000000000000000e+02
1.310000000000000000e+02
1.880000000000000000e+02
1.540000000000000000e+02
1.880000000000000000e+02
1.310000000000000000e+02
1.980000000000000000e+02
1.210000000000000000e+02
1.980000000000000000e+02
1.110000000000000000e+02
1.980000000000000000e+02
